  0 40.00 50.00 0.00 0.00 0 0 0 0 1236
  1 45.00 68.00 90.00 10.00 1 1 1 912 967
  2 45.00 70.00 90.00 30.00 1 1 1 825 870
  3 42.00 66.00 90.00 10.00 1 1 1 65 146
  4 42.00 68.00 90.00 10.00 1 1 1 727 782
  5 42.00 65.00 90.00 10.00 1 1 1 15 67
  6 40.00 69.00 90.00 20.00 1 1 1 621 702
  7 40.00 66.00 90.00 20.00 1 1 1 170 225
  8 38.00 68.00 90.00 20.00 1 1 1 255 324
  9 38.00 70.00 90.00 10.00 1 1 1 534 605
 10 35.00 66.00 90.00 10.00 1 1 1 357 410
 11 35.00 69.00 90.00 10.00 1 1 1 448 505
 12 25.00 85.00 90.00 20.00 1 1 1 652 721
 13 22.00 75.00 90.00 30.00 1 1 1 30 92
 14 22.00 85.00 90.00 10.00 1 1 1 567 620
 15 20.00 80.00 90.00 40.00 1 1 1 384 429
 16 20.00 85.00 90.00 40.00 1 1 1 475 528
 17 18.00 75.00 90.00 20.00 1 1 1 99 148
 18 15.00 75.00 90.00 20.00 1 1 1 179 254
 19 15.00 80.00 90.00 10.00 1 1 1 278 345
 20 30.00 50.00 90.00 10.00 1 1 1 10 73
 21 30.00 52.00 90.00 20.00 1 1 1 914 965
 22 28.00 52.00 90.00 20.00 1 1 1 812 883
 23 28.00 55.00 90.00 10.00 1 1 1 732 777
 24 25.00 50.00 90.00 10.00 1 1 1 65 144
 25 25.00 52.00 90.00 40.00 1 1 1 169 224
 26 25.00 55.00 90.00 10.00 1 1 1 622 701
 27 23.00 52.00 90.00 10.00 1 1 1 261 316
 28 23.00 55.00 90.00 20.00 1 1 1 546 593
 29 20.00 50.00 90.00 10.00 1 1 1 358 405
 30 20.00 55.00 90.00 10.00 1 1 1 449 504
 31 10.00 35.00 90.00 20.00 1 1 1 200 237
 32 10.00 40.00 90.00 30.00 1 1 1 31 100
 33 8.00 40.00 90.00 40.00 1 1 1 87 158
 34 8.00 45.00 90.00 20.00 1 1 1 751 816
 35 5.00 35.00 90.00 10.00 1 1 1 283 344
 36 5.00 45.00 90.00 10.00 1 1 1 665 716
 37 2.00 40.00 90.00 20.00 1 1 1 383 434
 38 0.00 40.00 90.00 30.00 1 1 1 479 522
 39 0.00 45.00 90.00 20.00 1 1 1 567 624
 40 35.00 30.00 90.00 10.00 1 1 1 264 321
 41 35.00 32.00 90.00 10.00 1 1 1 166 235
 42 33.00 32.00 90.00 20.00 1 1 1 68 149
 43 33.00 35.00 90.00 10.00 1 1 1 16 80
 44 32.00 30.00 90.00 10.00 1 1 1 359 412
 45 30.00 30.00 90.00 10.00 1 1 1 541 600
 46 30.00 32.00 90.00 30.00 1 1 1 448 509
 47 30.00 35.00 90.00 10.00 1 1 1 1054 1127
 48 28.00 30.00 90.00 10.00 1 1 1 632 693
 49 28.00 35.00 90.00 10.00 1 1 1 1001 1066
 50 26.00 32.00 90.00 10.00 1 1 1 815 880
 